Vertices Edges
24 550 directed
0,2,77
2,0,76
0,3,9
3,0,8
0,4,37
4,0,36
0,5,14
5,0,13
0,6,82
6,0,81
0,7,37
7,0,36
0,8,70
8,0,69
0,9,10
9,0,9
0,10,93
10,0,92
0,11,53
11,0,52
0,12,29
12,0,28
0,13,77
13,0,76
0,14,18
14,0,17
0,15,47
15,0,46
0,16,82
16,0,81
0,17,5
17,0,4
0,18,40
18,0,39
0,19,49
19,0,48
0,20,31
20,0,30
0,21,67
21,0,66
0,22,68
22,0,67
0,23,99
23,0,98
1,2,43
2,1,42
1,3,75
3,1,74
1,4,29
4,1,28
1,5,27
5,1,26
1,6,26
6,1,25
1,7,27
7,1,26
1,8,42
8,1,41
1,9,1
9,1,1
1,10,84
10,1,83
1,11,12
11,1,11
1,12,59
12,1,58
1,13,83
13,1,82
1,14,44
14,1,43
1,15,72
15,1,71
1,16,60
16,1,59
1,17,24
17,1,23
1,18,36
18,1,35
1,19,87
19,1,86
1,20,42
20,1,41
1,21,6
21,1,5
1,22,94
22,1,93
1,23,78
23,1,77
2,3,38
3,2,37
2,4,8
4,2,7
2,5,25
5,2,24
2,6,1
6,2,1
2,7,6
7,2,5
2,8,8
8,2,7
2,9,70
9,2,69
2,10,46
10,2,45
2,11,62
11,2,61
2,12,55
12,2,54
2,13,59
13,2,58
2,14,63
14,2,62
2,15,26
15,2,25
2,16,5
16,2,4
2,17,62
17,2,61
2,18,87
18,2,86
2,19,90
19,2,89
2,20,44
20,2,43
2,21,80
21,2,79
2,22,14
22,2,13
2,23,81
23,2,80
3,4,17
4,3,16
3,5,2
5,3,1
3,6,71
6,3,70
3,7,86
7,3,85
3,8,86
8,3,85
3,9,10
9,3,9
3,10,42
10,3,41
3,11,20
11,3,19
3,12,90
12,3,89
3,13,20
13,3,19
3,14,16
14,3,15
3,15,25
15,3,24
3,16,32
16,3,31
3,17,96
17,3,95
3,18,83
18,3,82
3,19,67
19,3,66
3,20,12
20,3,11
3,21,63
21,3,62
3,22,73
22,3,72
3,23,47
23,3,46
4,5,14
5,4,13
4,6,78
6,4,77
4,7,7
7,4,6
4,8,97
8,4,96
4,9,32
9,4,31
4,10,31
10,4,30
4,11,93
11,4,92
4,12,67
12,4,66
4,13,8
13,4,7
4,14,39
14,4,38
4,15,84
15,4,83
4,16,48
16,4,47
4,17,41
17,4,40
4,18,27
18,4,26
4,19,6
19,4,5
4,20,94
20,4,93
4,21,72
21,4,71
4,22,19
22,4,18
4,23,90
23,4,89
5,6,78
6,5,77
5,7,94
7,5,93
5,8,7
8,5,6
5,9,2
9,5,1
5,10,75
10,5,74
5,11,89
11,5,88
5,12,26
12,5,25
5,13,19
13,5,18
5,14,54
14,5,53
5,15,75
15,5,74
5,16,41
16,5,40
5,17,44
17,5,43
5,18,20
18,5,19
5,19,97
19,5,96
5,20,14
20,5,13
5,21,73
21,5,72
5,22,63
22,5,62
5,23,16
23,5,15
6,7,49
7,6,48
6,8,46
8,6,45
6,9,96
9,6,95
6,10,16
10,6,15
6,11,18
11,6,17
6,12,57
12,6,56
6,13,29
13,6,28
6,14,86
14,6,85
6,15,72
15,6,71
6,16,88
16,6,87
6,17,23
17,6,22
6,18,47
18,6,46
6,19,73
19,6,72
6,20,77
20,6,76
6,21,47
21,6,46
6,22,1
22,6,1
6,23,21
23,6,20
7,8,93
8,7,92
7,9,93
9,7,92
7,10,38
10,7,37
7,11,53
11,7,52
7,12,32
12,7,31
7,13,70
13,7,69
7,14,29
14,7,28
7,15,21
15,7,20
7,16,78
16,7,77
7,17,16
17,7,15
7,18,5
18,7,4
7,19,86
19,7,85
7,20,37
20,7,36
7,21,9
21,7,8
7,22,10
22,7,9
7,23,16
23,7,15
8,9,18
9,8,17
8,10,93
10,8,92
8,11,42
11,8,41
8,12,51
12,8,50
8,13,4
13,8,3
8,14,60
14,8,59
8,15,78
15,8,77
8,16,13
16,8,12
8,17,20
17,8,19
8,18,55
18,8,54
8,19,33
19,8,32
8,20,32
20,8,31
8,21,11
21,8,10
8,22,13
22,8,12
8,23,8
23,8,7
9,10,55
10,9,54
9,11,65
11,9,64
9,12,66
12,9,65
9,13,98
13,9,97
9,14,94
14,9,93
9,15,93
15,9,92
9,16,57
16,9,56
9,17,99
17,9,98
9,18,98
18,9,97
9,19,72
19,9,71
9,20,78
20,9,77
9,21,90
21,9,89
9,22,93
22,9,92
9,23,69
23,9,68
10,11,21
11,10,20
10,12,42
12,10,41
10,13,23
13,10,22
10,14,56
14,10,55
10,15,48
15,10,47
10,16,21
16,10,20
10,17,49
17,10,48
10,18,55
18,10,54
10,19,87
19,10,86
10,20,43
20,10,42
10,21,31
21,10,30
10,22,50
22,10,49
10,23,95
23,10,94
11,12,61
12,11,60
11,13,59
13,11,58
11,14,21
14,11,20
11,15,43
15,11,42
11,16,39
16,11,38
11,17,86
17,11,85
11,18,79
18,11,78
11,19,9
19,11,8
11,20,79
20,11,78
11,21,94
21,11,93
11,22,59
22,11,58
11,23,34
23,11,33
12,13,53
13,12,52
12,14,2
14,12,1
12,15,5
15,12,4
12,16,44
16,12,43
12,17,87
17,12,86
12,18,93
18,12,92
12,19,54
19,12,53
12,20,65
20,12,64
12,21,1
21,12,1
12,22,49
22,12,48
12,23,36
23,12,35
13,14,75
14,13,74
13,15,46
15,13,45
13,16,11
16,13,10
13,17,19
17,13,18
13,18,40
18,13,39
13,19,55
19,13,54
13,20,35
20,13,34
13,21,76
21,13,75
13,22,76
22,13,75
13,23,53
23,13,52
14,15,60
15,14,59
14,16,57
16,14,56
14,17,91
17,14,90
14,18,69
18,14,68
14,19,21
19,14,20
14,20,71
20,14,70
14,21,61
21,14,60
14,22,46
22,14,45
14,23,83
23,14,82
15,16,46
16,15,45
15,17,61
17,15,60
15,18,10
18,15,9
15,19,73
19,15,72
15,20,25
20,15,24
15,21,49
21,15,48
15,22,91
22,15,90
15,23,47
23,15,46
16,17,27
17,16,26
16,18,99
18,16,98
16,19,69
19,16,68
16,20,27
20,16,26
16,21,36
21,16,35
16,22,22
22,16,21
16,23,6
23,16,5
17,18,17
18,17,16
17,19,50
19,17,49
17,20,59
20,17,58
17,21,79
21,17,78
17,22,7
22,17,6
17,23,9
23,17,8
18,19,66
19,18,65
18,20,15
20,18,14
18,21,77
21,18,76
18,22,58
22,18,57
18,23,35
23,18,34
19,20,68
20,19,67
19,21,67
21,19,66
19,22,60
22,19,59
19,23,65
23,19,64
20,21,39
21,20,38
20,22,18
22,20,17
20,23,72
23,20,71
21,22,17
22,21,16
21,23,71
23,21,70
22,23,3
23,22,2
