Vertices Edges
25 598 directed
0,2,83
2,0,82
0,3,96
3,0,95
0,4,32
4,0,31
0,5,9
5,0,8
0,6,57
6,0,56
0,7,68
7,0,67
0,8,33
8,0,32
0,9,54
9,0,53
0,10,72
10,0,71
0,11,1
11,0,1
0,12,43
12,0,42
0,13,7
13,0,6
0,14,13
14,0,12
0,15,58
15,0,57
0,16,61
16,0,60
0,17,99
17,0,98
0,18,14
18,0,13
0,19,58
19,0,57
0,20,1
20,0,1
0,21,46
21,0,45
0,22,28
22,0,27
0,23,75
23,0,74
0,24,72
24,0,71
1,2,27
2,1,26
1,3,28
3,1,27
1,4,26
4,1,25
1,5,85
5,1,84
1,6,61
6,1,60
1,7,1
7,1,1
1,8,80
8,1,79
1,9,24
9,1,23
1,10,81
10,1,80
1,11,17
11,1,16
1,12,74
12,1,73
1,13,71
13,1,70
1,14,5
14,1,4
1,15,10
15,1,9
1,16,71
16,1,70
1,17,94
17,1,93
1,18,3
18,1,2
1,19,93
19,1,92
1,20,81
20,1,80
1,21,14
21,1,13
1,22,9
22,1,8
1,23,19
23,1,18
1,24,9
24,1,8
2,3,18
3,2,17
2,4,27
4,2,26
2,5,29
5,2,28
2,6,28
6,2,27
2,7,43
7,2,42
2,8,49
8,2,48
2,9,26
9,2,25
2,10,54
10,2,53
2,11,56
11,2,55
2,12,89
12,2,88
2,13,7
13,2,6
2,14,96
14,2,95
2,15,27
15,2,26
2,16,40
16,2,39
2,17,8
17,2,7
2,18,67
18,2,66
2,19,73
19,2,72
2,20,32
20,2,31
2,21,68
21,2,67
2,22,83
22,2,82
2,23,46
23,2,45
2,24,66
24,2,65
3,4,73
4,3,72
3,5,3
5,3,2
3,6,90
6,3,89
3,7,6
7,3,5
3,8,45
8,3,44
3,9,86
9,3,85
3,10,38
10,3,37
3,11,19
11,3,18
3,12,9
12,3,8
3,13,43
13,3,42
3,14,21
14,3,20
3,15,60
15,3,59
3,16,38
16,3,37
3,17,45
17,3,44
3,18,31
18,3,30
3,19,83
19,3,82
3,20,14
20,3,13
3,21,37
21,3,36
3,22,67
22,3,66
3,23,5
23,3,4
3,24,38
24,3,37
4,5,67
5,4,66
4,6,55
6,4,54
4,7,92
7,4,91
4,8,52
8,4,51
4,9,74
9,4,73
4,10,22
10,4,21
4,11,42
11,4,41
4,12,59
12,4,58
4,13,57
13,4,56
4,14,18
14,4,17
4,15,43
15,4,42
4,16,70
16,4,69
4,17,65
17,4,64
4,18,94
18,4,93
4,19,77
19,4,76
4,20,76
20,4,75
4,21,38
21,4,37
4,22,17
22,4,16
4,23,15
23,4,14
4,24,85
24,4,84
5,6,57
6,5,56
5,7,14
7,5,13
5,8,7
8,5,6
5,9,70
9,5,69
5,10,35
10,5,34
5,11,93
11,5,92
5,12,56
12,5,55
5,13,26
13,5,25
5,14,88
14,5,87
5,15,57
15,5,56
5,16,78
16,5,77
5,17,23
17,5,22
5,18,59
18,5,58
5,19,11
19,5,10
5,20,76
20,5,75
5,21,69
21,5,68
5,22,90
22,5,89
5,23,85
23,5,84
5,24,7
24,5,6
6,7,7
7,6,6
6,8,15
8,6,14
6,9,97
9,6,96
6,10,28
10,6,27
6,11,10
11,6,9
6,12,56
12,6,55
6,13,10
13,6,9
6,14,6
14,6,5
6,15,70
15,6,69
6,16,17
16,6,16
6,17,42
17,6,41
6,18,5
18,6,4
6,19,55
19,6,54
6,20,58
20,6,57
6,21,76
21,6,75
6,22,93
22,6,92
6,23,91
23,6,90
6,24,38
24,6,37
7,8,70
8,7,69
7,9,34
9,7,33
7,10,17
10,7,16
7,11,89
11,7,88
7,12,65
12,7,64
7,13,28
13,7,27
7,14,22
14,7,21
7,15,23
15,7,22
7,16,46
16,7,45
7,17,9
17,7,8
7,18,68
18,7,67
7,19,91
19,7,90
7,20,11
20,7,10
7,21,37
21,7,36
7,22,23
22,7,22
7,23,36
23,7,35
7,24,75
24,7,74
8,9,5
9,8,4
8,10,8
10,8,7
8,11,37
11,8,36
8,12,86
12,8,85
8,13,32
13,8,31
8,14,28
14,8,27
8,15,66
15,8,65
8,16,43
16,8,42
8,17,81
17,8,80
8,18,71
18,8,70
8,19,50
19,8,49
8,20,58
20,8,57
8,21,17
21,8,16
8,22,39
22,8,38
8,23,58
23,8,57
8,24,80
24,8,79
9,10,74
10,9,73
9,11,81
11,9,80
9,12,53
12,9,52
9,13,62
13,9,61
9,14,81
14,9,80
9,15,97
15,9,96
9,16,47
16,9,46
9,17,73
17,9,72
9,18,99
18,9,98
9,19,43
19,9,42
9,20,31
20,9,30
9,21,92
21,9,91
9,22,25
22,9,24
9,23,34
23,9,33
9,24,64
24,9,63
10,11,81
11,10,80
10,12,88
12,10,87
10,13,58
13,10,57
10,14,42
14,10,41
10,15,54
15,10,53
10,16,10
16,10,9
10,17,42
17,10,41
10,18,33
18,10,32
10,19,16
19,10,15
10,20,42
20,10,41
10,21,66
21,10,65
10,22,62
22,10,61
10,23,73
23,10,72
10,24,43
24,10,42
11,12,2
12,11,1
11,13,40
13,11,39
11,14,88
14,11,87
11,15,14
15,11,13
11,16,55
16,11,54
11,17,62
17,11,61
11,18,75
18,11,74
11,19,24
19,11,23
11,20,89
20,11,88
11,21,34
21,11,33
11,22,63
22,11,62
11,23,76
23,11,75
11,24,56
24,11,55
12,13,76
13,12,75
12,14,56
14,12,55
12,15,69
15,12,68
12,16,25
16,12,24
12,17,80
17,12,79
12,18,42
18,12,41
12,19,68
19,12,67
12,20,16
20,12,15
12,21,97
21,12,96
12,22,27
22,12,26
12,23,65
23,12,64
12,24,23
24,12,22
13,14,18
14,13,17
13,15,7
15,13,6
13,16,70
16,13,69
13,17,66
17,13,65
13,18,79
18,13,78
13,19,84
19,13,83
13,20,57
20,13,56
13,21,21
21,13,20
13,22,7
22,13,6
13,23,63
23,13,62
13,24,40
24,13,39
14,15,80
15,14,79
14,16,72
16,14,71
14,17,28
17,14,27
14,18,97
18,14,96
14,19,33
19,14,32
14,20,50
20,14,49
14,21,38
21,14,37
14,22,86
22,14,85
14,23,67
23,14,66
14,24,10
24,14,9
15,16,11
16,15,10
15,17,52
17,15,51
15,18,32
18,15,31
15,19,8
19,15,7
15,20,33
20,15,32
15,21,37
21,15,36
15,22,88
22,15,87
15,23,99
23,15,98
15,24,79
24,15,78
16,17,7
17,16,6
16,18,41
18,16,40
16,19,76
19,16,75
16,20,66
20,16,65
16,21,71
21,16,70
16,22,28
22,16,27
16,23,49
23,16,48
16,24,96
24,16,95
17,18,38
18,17,37
17,19,7
19,17,6
17,20,16
20,17,15
17,21,97
21,17,96
17,22,31
22,17,30
17,23,31
23,17,30
17,24,41
24,17,40
18,19,93
19,18,92
18,20,45
20,18,44
18,21,89
21,18,88
18,22,99
22,18,98
18,23,14
23,18,13
18,24,85
24,18,84
19,20,64
20,19,63
19,21,74
21,19,73
19,22,30
22,19,29
19,23,2
23,19,1
19,24,21
24,19,20
20,21,69
21,20,68
20,22,44
22,20,43
20,23,47
23,20,46
20,24,29
24,20,28
21,22,24
22,21,23
21,23,91
23,21,90
21,24,47
24,21,46
22,23,68
23,22,67
22,24,41
24,22,40
23,24,80
24,23,79
